N: 51.96846
O: 7.63536
S: 51.95629
W: 7.61592